[ 0.  0.  0.  0.  0.  0.  0.  0.  0.  0.  0.  0.  0.  0.  0.  0.  0.  0.
  0.  0.  0.  0.  0.  0.  0.  0.  0.  0.  0.  0.  0.  0.  0.  0.  0.  0.
  0.  0.  0.  0.  0.  0.  0.  0.  0.  0.  0.  0.  0.  0.  0.  0.  0.  0.
  0.  0.  0.  0.  0.  0.  0.  0.  0.  0.  0.  0.  0.  0.  0.  0.  1.  4.
  0.  0.  0.  0.  0.  0.  0.  0.  0.  0.  0.  0.  0.  2.  5.  0.  0.  0.
  0.  0.  0.  0.  0.  0.  0.  0.  0.  0.  3.  6.  0.  0.  0.  0.  0.  0.
  0.  0.  0.  0.  0.  0. 12.  0.  7.  0.  0.  0.  0.  0.  0.  0.  0.  0.
  0.  0.  0.  0. 13.  8.  0.  0.  0.  0.  0.  0.  0.  0.  0. 22. 20. 18.
 16. 14.  9.  0.  0.  0.  0.  0.  0.  0.  0.  0.  0.  0.  0. 17. 15. 10.
  0.  0.  0.  0.  0.  0.  0.  0.  0.  0. 21. 19.  0.  0. 11.  0.  0.  0.
  0.  0.  0.  0.  0.  0.  0.  0.  0.  0.  0.  0.  0.  0.  0.  0.  0.  0.
  0.  0.  0.  0.  0.  0.  0.  0.  0.  0.  0.  0.  0.  0.  0.  0.  0.  0.
  0.  0.  0.  0.  0.  0.  0.  0.  0.]